1
2
3
1
1
6
4
3
1
8
3
8
8
4
1
11
16
13
7
11
2
18
17
8
6
9
27
8
27
19
26
20
7
34
6
2
19
3
5
11
6
9
23
21
10
3
41
7
33
17
26
45
20
13
26
26
29
7
29
10
53
16
5
44
47
37
45
36
68
7
1
59
51
57
69
42
26
29
8
3
71
49
81
55
11
44
71
10
53
47
74
33
19
35
92
61
40
19
31
30
100
44
97
51
86
82
44
37
42
38
109
100
71
88
30
96
41
16
81
71
64
95
5
124
55
10
67
98
67
53
26
96
114
11
111
114
119
88
75
40
66
22
35
140
123
131
17
134
57
58
146
16
128
31
4
6
30
144
149
25
142
131
29
43
14
33
46
163
132
166
139
83
44
100
91
42
149
126
132
97
96
97
143
145
124
73
117
27
177
160
186
177
97
5
79
166
5
26
111
50
21
190
184
83
126
69
154
126
5
54
85
142
12
52
197
182
73
188
173
105
18
42
65
171
54
95
190
17
92
183
14
57
28
100
15
38
129
38
163
168
43
232
114
210
219
236
9
173
66
99
156
95
57
19
236
206
15
94
218
88
133
260
232
92
227
162
147
259
250
26
227
99
114
123
232
247
129
204
267
168
158
151
4
248
53
46
44
258
276
8
43
203
74
238
56
147
140
169
150
244
61
97
74
145
243
218
225
112
41
1
40
115
310
27
269
239
75
225
203
64
198
33
246
17
175
64
112
286
214
145
46
173
73
79
330
251
15
220
130
196
116
79
322
65
263
65
292
18
149
289
138
339
322
300
52
94
261
6
7
64
260
60
363
90
27
308
163
231
285
57
84
212
355
212
86
24
125
263
198
268
112
349
12
50
182
205
227
82
261
322
72
287
22
238
212
9
39
112
1
316
39
29
63
153
306
165
334
295
232
125
25
181
12
373
358
140
303
35
22
377
237
164
247
320
402
180
80
265
219
375
180
288
145
366
322
222
10
60
160
309
182
65
384
255
78
429
266
80
170
431
309
311
35
392
218
114
322
160
192
29
440
38
178
195
433
306
206
366
196
47
151
186
21
134
325
469
81
83
272
168
112
36
114
380
255
137
204
33
228
170
65
107
48
278
75
1
330
396
236
215
